2.04
2.43
2.77
2.70
2.92
2.90
2.94
2.93
2.99
3.08
3.05
3.11
3.23
2.00
2.68
2.64
2.77
3.01
3.08
3.04
2.93
3.22
3.16
3.03
3.06
3.14
2.05
2.60
2.73
2.84
3.09
3.07
2.93
2.81
3.20
3.10
3.07
3.11
3.23
2.04
2.56
2.59
2.92
2.82
2.95
3.00
2.91
3.19
3.16
3.11
3.13
3.07
2.22
2.69
2.79
2.97
3.04
3.00
3.16
3.08
3.09
3.09
3.23
3.18
3.16
2.24
2.50
2.79
3.03
2.98
2.83
3.03
3.08
3.15
3.10
3.19
3.27
3.12
2.08
2.68
2.89
3.00
2.99
2.99
3.21
3.03
3.08
3.13
3.28
3.23
3.22
2.06
2.54
2.73
2.97
3.05
3.01
2.99
3.01
3.19
3.19
3.21
3.30
3.27
2.09
2.50
2.53
3.01
3.01
3.02
3.07
3.16
3.05
3.26
3.31
3.25
3.10
2.05
2.60
2.60
2.92
2.99
3.13
3.17
3.05
3.06
3.14
3.23
3.29
3.14
2.20
2.62
2.62
2.82
2.95
3.02
3.17
2.90
3.08
3.26
3.15
3.16
3.26
2.16
2.52
2.75
3.11
3.06
3.11
3.18
3.03
3.30
3.39
3.17
3.28
3.25
2.28
2.72
2.79
2.99
2.96
3.01
3.17
3.16
3.20
3.40
3.42
3.30
3.18
2.50
3.14
3.60
3.71
3.32
3.28
3.36
3.44
4.16
4.36
4.38
4.39
4.02
3.20
3.76
4.21
4.39
3.98
3.86
3.82
3.81
4.44
4.67
4.61
4.47
4.17
3.17
3.73
4.12
4.36
4.06
3.99
3.90
3.85
4.47
4.67
4.55
4.53
4.28
3.16
3.80
4.24
4.33
4.01
4.03
3.88
3.93
4.62
4.69
4.81
4.83
4.20
3.03
3.73
3.90
3.79
3.58
3.57
3.40
3.60
4.24
4.15
4.19
4.21
3.74
3.03
3.72
4.00
3.81
3.36
3.63
3.63
3.92
4.33
3.95
4.10
4.10
3.60
3.24
3.89
4.38
4.44
3.63
3.83
4.01
4.36
4.41
4.04
4.28
4.17
4.06
3.29
3.95
4.37
4.45
3.73
3.92
4.25
4.26
4.17
4.32
4.06
4.00
3.92
3.25
3.85
4.28
4.33
3.72
4.14
4.44
3.95
3.60
3.67
3.81
3.75
3.60
3.08
3.81
4.23
4.23
3.83
4.25
3.92
3.39
3.31
3.27
3.48
3.63
3.20
2.60
3.55
4.10
4.04
3.60
3.74
3.30
3.19
3.24
3.25
3.35
3.39
2.95
2.38
3.25
3.74
3.70
3.21
3.26
3.02
3.15
3.05
2.95
3.04
2.98
2.87
2.21
3.12
3.49
3.44
3.02
2.90
2.99
3.04
3.11
3.03
3.04
3.01
2.93
1.99
3.03
3.31
3.02
2.78
2.89
2.92
2.86
3.05
2.92
2.92
2.85
2.79
2.17
3.00
3.28
2.97
2.87
2.78
2.76
2.78
2.90
2.92
2.99
2.91
2.90
2.45
2.92
3.08
2.93
2.90
2.94
2.99
3.09
2.95
3.09
3.07
2.95
2.96
2.51
2.83
3.05
2.57
2.76
2.84
2.77
2.91
2.90
2.78
2.88
2.87
2.82
2.36
2.49
2.60
2.63
2.70
2.70
2.76
2.67
2.88
2.95
2.86
2.82
2.88
2.01
2.60
2.81
2.53
2.49
2.51
2.63
2.63
2.85
2.89
2.84
2.81
2.87
1.86
2.51
2.83
2.48
2.65
2.92
2.91
2.68
2.88
2.89
2.97
2.87
2.93
2.13
2.62
2.80
2.38
2.56
2.85
2.88
2.81
2.79
2.73
2.87
2.81
2.73
2.11
2.44
2.68
2.59
2.62
2.70
2.72
2.75
2.78
2.86
2.73
2.78
2.82
2.00
2.56
2.82
2.41
2.53
2.60
2.70
2.78
2.81
2.79
2.96
2.82
2.79
1.56
2.34
2.64
2.23
2.66
2.64
2.75
2.64
2.66
2.78
2.90
2.87
2.78
2.04
2.40
2.62
2.52
2.61
2.71
2.60
2.66
2.69
2.79
2.81
2.86
2.84
1.45
2.29
2.62
2.38
2.69
2.69
2.54
2.69
2.81
2.74
2.78
2.74
2.84
1.83
2.13
2.20
2.51
2.56
2.71
2.66
2.78
2.70
2.79
2.87
2.72
2.67
1.85
2.21
2.39
2.48
2.54
2.49
2.73
2.78
2.77
2.87
2.73
2.72
2.80
1.83
2.21
2.51
2.39
2.55
2.67
2.87
2.76
2.73
2.81
2.91
2.84
2.81
1.71
2.15
2.53
2.43
2.67
2.81
2.89
2.70
2.91
2.83
2.83
2.80
2.80
1.96
2.40
2.50
2.56
2.64
2.75
2.82
2.64
2.73
2.82
2.90
2.83
2.84
1.75
2.20
2.52
2.54
2.80
2.81
2.92
2.70
2.86
2.93
2.86
2.91
2.89
1.68
2.20
2.56
2.59
2.71
2.68
2.82
2.81
2.95
2.89
2.97
2.91
2.81
1.86
2.35
2.55
2.50
2.81
2.74
2.69
2.79
2.82
2.74
2.86
2.87
2.90
3.56
3.47
3.35
3.23
3.08
3.18
3.12
3.08
3.06
3.06
3.05
3.05
3.06